$ANSIBLE_VAULT;1.1;AES256
66303535376362313435663332363133633238633633373738383366383330626361366234613639
3566303461346662366362363362363830303936376233300a376163633035363630343439313539
30303963333131393865336266386334646363366461343837336332613438326535643936343433
6366663832326166380a616531386433326665336366643431383232333535313164633064363263
66626165366335356435326365303964393431336131383239326330393462633261303361363632
33643362396632643330366264313233646130373631663230373238666365623930316165386537
37313635353562316132316262303036363333663438656161626363303165366331333536613465
30616438343233613865393738326138643932623864373731353564613662623866366137656331
61303034303863626436616135643732313164663066366338343535653234306137666438343838
64303631353233343162336461343561373034383732336462653734376463393935303836343437
65313565636330323065393866623935663861643237656236633937623534363961653232613534
36363130313662626336383161346332643530353037663931613263373436363833636264313961
61643765313633373537623961626364346663633735373733323533313963666565643730366336
34636436626237343061623635373063366565356438333932303832343038316162376636663836
35313230633735643834663739656362633239396564303338623365333531373437383635613736
34303362336262323465386332383063393031313639393438633838393338366236383035626531
39356233373166666661303337353631616531613036373531653436383636623764613133386237
64353038383138326238346135376539363132326233393638646539343435653035366161386164
31333831653531353562393265336637393832353539363664663637363832616166666466306334
32666263616266663633623738396631663462303337623938353435353761663735383362353362
62363932353939376531353334393765353665376237393665383936313432343831303961613263
63646132636536383664356134363762366135616465653639346639356230343263626366613165
63303339633663303832383432666562663730376331303033653936663965303163346361336664
33613134626163386633666536333661313662326536356133613139613338383062333339356662
32623935346230663532633535396530316264356366316533306462383133316435616434356531
34343662653138366230363238393431636137376165633261356533346234613232626135353762
31306431366666356333383836383065363762356266313132313563636534623536343263393238
66663632646331623062623434643739343039616337636335636463303139383938663633396461
32613165383465626530333935316265333931326164353330376435356139333838623333306532
30373038363032333066343132336564623064666364323763623932386530383133653232303366
38343961623134336266646137646633313633303361656333333037623164633934316633356364
66393739333734663062633231356337386236333331343061313033363861663833616332626234
30383464623430323636306232366633636539353834633331383362623931336531393161306230
64626634306238376433623337373236373164623136633732613366373965323231623361613261
37333239333337373130646531636563383139616166303536326231326230393664643063313238
62353731623633343866653765623733306263303966613661353432373538383334663839316366
31393365616134643837393039353332643332623538323133313130616437383666343561633366
36333830366565396139383531383965396162316332323735623836396265323366336262623762
39386631386430363066653633646534336266333034313037386231346366333433666530383739
65636261323533326261373064346563323239346564626437356230386534366236613335663434
34336263656430363639393366303030313739663037343339336563386138316665343433333266
38656534343861396166383566663339373138346665643935326134333231383534376232316535
61313935316338643865666139613435373935343866316135336161633139343838333138313935
65623432396139336662643833363134316336323661356130613735333830666230323537653766
32626339636366336230366463386561613936633561396633666266313232353933313966313461
32393363653866326138336633373565623765323032656336333738393762663133336565633761
62363865613734613562643365653539333438636436383766653366376330643263663466633530
33366639343565313438313266636632626436303566323837666333623636333136363062393861
63383234356634363037626236663838316431636333383933643263383261616531313634616564
36353562383531313136386463643062616263346633653161363136666134393561653061663065
30623137336162393336653333306166616333313263326561646337393362396433336164336235
34633464333862353562363736303330343339373461636239666130636666303364326261303631
66333264656139336266666262333731353534316535393365343736396134363436656239663662
62346565643338303237323364633837623133313666663561373762326262306130376363633065
62363763373233356533636161363063366333666237656338623937613435353564613434316339
64666134393132626631303466306633373933653637356661373935393833653062663130346438
64376138343363626436313464373333323365346265376665653339663163373361303762653738
30333639393561663937363266336238383735643665623534323634353135613831363730326631
39633533396132333862643030623739333536366263346135333533666465383139663730353964
30626235623630623939663362613664616563666330353666353231363631383166363564666539
35306337613662666562663364396338623338613331303935363031316562653932323635363365
39376132343966633165366135353563313365396361613733353439643861383439346562376465
62393635633366376438363136303333366539653562303465363834613464393036326665336330
62653639313363636536646534353635663662666230663565613763613737323462333134323864
33306639656464316335316665383239656630366233306466336364663630303462613537663430
33613038326136313564386366396531653461316465373465396138666530363635343931386532
30636437666164653661643438363937663038393134613430333462303262653835313935626237
33383364613161363030333436313836363934653762383239383633303533343131383139633437
64656562323731316237623531373939393634656562376132366132336161353366343233323266
34353634643866626634303661383039326165643735303064623539643363636639326135376232
38323466623533383065613331643935393639366166333362333134373736323761326634643030
64616663633961346363613932653939653263643765623338393732313938303437386430326363
30333363326466323966376634363261666337333731363630663939626136613861316531303838
38393437653030363166656563343731616464623066643864663530663965323366303833643130
65386535363031343137353164326135333933663133333836663565343063616639323035393930
34363761353837363130613138383864663932353966326435353364303637366239666639363930
31613461313236346333643066613930396136363532353663316237653166626238393837373732
34313065313030326566383431373263333338613534306361333133373666376533303338653734
30363437393031386164616339346431333663643437383731393461323139633763316661653932
66353438303439386635383237316536373566356562376232326464626435366230383836353064
61393265346264396630303131646263346634623661666134343766633331366663346532646238
38363665323961613932613966623033373565663165313065376535646163363131326366636364
30363861306536393535646133656133646166363966343034316664353935323031613335613766
61653736663461386535323665666365336134623866396539393235623330656163306436626361
30313263633063663036323362663431643964613933656332303864373839633433323138306338
66316438313166363065333839333265363533373037626632396362343265623233363566333339
65363465393365316563643366363636383466633235333032666163353666393633653161633132
63383865323361653438306464366633343537383531313665373334306164313936646134653362
33663534626636383336303737656431396162613737616634633339306335633239303765353962
30623431653236316533306361636334306339353536323561633232613261383636346231376334
35333664353865656532633266346464653836396263303733356165386237306262323334326638
36346232386636326563326137343133313136656365663964363038646334663366336532303430
66646433306161623035336536326437646437653136623039633131653465333366633436373463
63666262323738376361363432333362303633353461333837633636326334356335653831646239
37633062663162633731626664366130633231663264623066393761643237346534356166356437
66626534346535353232396633643935653332633535306636363331663139653738333465623164
65326634646238653935333036626633623531343031346637383138373265623764613231643434
36383166323962336466393366653930633162393036636535383363353765646664616337613830
32623930303832353362633561366232643131333431616463373132313937636464646662396632
63633966326235313733373339313934643864393761636162313564663262646534646331366337
64346461313937366539643164316635653461643737633133396561313239643361383636666663
33316564323937336436313864386336396131613631306266366334323831626139316134653538
35393138636334623162373265633736346431643362383535613165656661396233303632323462
64633735303731363436313564356430643664613133663634653733306462356134363466656535
37653165396237663266383030386661306437376566653336313064633131313833356237303662
32373464353362666464303234623232636536663439313038636538306162643866383433616336
34306362323166346131666337393835666366323866613663386135376434373639366361393763
38363566386539646330656363653261613734343739626136376638373034353039356335303734
31356363663764636162386330343337636432353265363531336465616139373031336263643630
31646138373831373733326661333431323938346563663963303133366433616366303832623338
32373934396661393032376565643266386462383538346236373065643435643330626365346165
39663830373136666330663364313037653666376138636630316635306237383130323831363132
39363438636434633032373933383433616231663838373062626333616463343162343234616637
61613934633930356265336430633732303331636233323466383834323239333861653936663239
35303564303063303435643566373039663233393730313738623064643132323434393234646134
31663638633766346239643565306266376466633938343932633763386237626566323838373337
64336565323731373138363262383930653031336662646132363230353638376436333532653232
62396336653834393063666137636165333439353235303830346637646365343939666364313064
66346164383062633831333462353435643664646539616531313034393461643162326563386338
33633566396237366231373737616338303161363731613765373130336637633664643066646339
36316234663439623037613161373666346264616439376437623736323366616436663136383666
35303564626264396135623136653962643837366464383537643630333833313834663963316536
33626662363633303736306234333662323234616463353836383937623161336635653238663066
65363565323766383431613732666431653930313233316338313834636665363037356139343237
64376332376266376538343630623933383438363136373061646236393231373032376238643666
65633033383664656363336531616565313561363864366434363363663236326461353863666264
65663639353261303137303637393164636434316338656565303361393066383039393363633030
64336434643362626239656336663937353234616564326533386133333336383036346565316163
39643939373031343366656434353239633866373536373138363363393430376664633564363836
34616430376366363734376337653933653430356231366434623835636666303237376133663563
35313461346538363037373663316265396236356536373463386539646261333031383931383464
32313265313230653266633238653339336435363938386339363361656534643638646230356563
63316531613736363731633733626539313737353135343162336665383066356430383636626563
64653761636338623466383761353334323834346334343866633362333837323365383665646531
30663761653134656363376430636136343764333562313939623332656366383261313536373030
38396630663338303131323133626661363161613565366166303032383430353535643665633862
37623533383761646331656433303732326265393463646338656266653437393036346130383237
61316133396330616336376663393239623562373366326664613562303565366666346366383333
36663638323433333036626365363237316134363332363434316562363630303432356430623964
65303162356437626365376564616432663666333766313932363565393933653362396366356566
65633632626439346363383465333632656163313865646362373037396565626532313639316635
3465356264376565643962363737643531646263373531643766
